dochod	wydatki	sklepy	mieszkan	ksiegozb	ludoczys	apteki	lekarze	regon	bezrobot	oferty	deficyt
1450,804154	1448,898709	14,087312370	335	4,073206946	0,1863219080	3,078204501	2,5168848570	88,77903924	0,2373114600	1,068213032	1,905445
1252,513605	1214,762629	10,421065080	170	4,322664550	0,5211039240	2,195686321	1,3005218980	72,64343743	0,1932203960	0,349650350	37,750976
1403,615566	1436,520045	9,990713760	100	4,145617855	0,5503378270	1,601075923	1,1687854240	54,58067822	0,3126260850	0,000000000	-32,904479
2729,910622	2131,758050	13,694105460	542	2,819887698	0,6153152590	3,570822807	2,3835242240	78,64737232	0,2006802420	2,046263345	598,152572
1467,745001	1408,267630	13,051278510	154	5,252627013	0,4086903380	3,351536778	2,0634951930	97,30628446	0,1731364470	2,125559857	59,477371
1316,616162	1333,314123	9,424646143	102	3,560393964	0,2366902860	2,252213233	0,7276381210	46,96730826	0,1561996500	0,443655723	-16,697961
2108,569656	2253,045906	15,736153730	312	3,440320894	0,8930867200	3,085520339	3,7026244060	83,87472787	0,1770060170	1,936858416	-144,476250
1386,468392	1496,825679	11,258986390	58	3,288218169	0,1856693010	1,188283524	0,6832630270	83,89281683	0,1857287150	0,000000000	-110,357287
1286,867343	1311,044755	13,900919850	60	4,134224312	0,7492472050	1,856205915	1,3199686510	85,19985150	0,3105226250	0,398512221	-24,177412
1304,053460	1294,415115	7,193517168	409	3,882997010	0,4172167730	1,661153563	1,5167054270	64,52498231	0,1336434150	0,216169477	9,638345
1709,208018	1822,639852	12,802251550	1249	2,595435122	0,9808446740	3,260627070	5,7627293160	117,21782700	0,1159478990	1,657687526	-113,431834
1419,530286	1407,892963	10,876441180	541	3,756052104	0,2375063770	1,972587831	1,6256844540	93,37142468	0,1064245150	0,383484597	11,637323
1266,216841	1271,560733	10,310282680	27	3,098637744	0,4130445370	2,273133189	1,6886132260	68,21023235	0,0971277338	1,337345369	-5,343892
2076,365717	2150,978464	16,195423280	756	3,462001965	0,9472974870	2,695493472	4,7058823530	139,55917450	0,1066629230	1,052964094	-74,612747
1831,636901	1760,039544	11,038481620	100	2,854933103	0,3592458540	2,881169755	1,4946068100	72,31736085	0,1067833540	9,780775717	71,597357
1416,797903	1428,620268	14,067470100	13	5,441422875	0,4476053940	1,344025805	1,1648223650	97,12826486	0,2467631380	0,000000000	-11,822365
1291,119173	1308,391500	12,483323800	214	3,894635030	0,3489517820	2,668191347	1,0386887750	59,60548885	0,1644749380	1,158748552	-17,272327
1379,089728	1399,302789	11,454015050	199	4,032570756	0,3615333440	1,637750141	1,2283126060	68,91857311	0,1181636730	1,732501733	-20,213061
1501,406227	1622,715321	10,151707850	244	4,116517533	0,6658566500	2,725290698	1,4421329940	69,72202035	0,1947220200	3,615581992	-121,309094
1469,574310	1560,282836	10,386522200	74	4,659061848	0,6382439370	1,794647464	1,5478834380	64,96623819	0,2977768800	0,000000000	-90,708526
1393,231302	1399,363933	11,342787890	114	3,620612537	0,5066222060	1,205254911	1,1382963050	65,73995956	0,2209366170	0,484907261	-6,132631
1312,199209	1385,442158	10,794995960	246	4,538270110	0,1902519950	2,129853825	1,5245269480	62,16931217	0,1517576900	0,000000000	-73,242949
1313,303337	1307,825613	12,275294220	76	4,125781351	0,6012092080	1,724360909	1,2070526360	89,93619865	0,2363452170	0,000000000	5,477724
1277,033546	1303,512722	11,927527310	31	4,075292516	0,4049201050	3,241175899	2,2688231290	87,57657278	0,1905811430	0,000000000	-26,479176
1376,153937	1366,304624	7,734199808	65	4,219761109	0,1419767210	1,678031516	1,5865025250	49,42565558	0,2503317930	0,000000000	9,849313
1225,433356	1250,422000	12,904345040	118	3,133180314	0,2088181920	2,135155333	2,0417422870	65,61599231	0,1220508170	0,437349661	-24,988644
1529,433313	1606,216294	11,708090360	432	3,131053615	0,4257034480	1,698465719	0,4642472970	83,56451339	0,1661325940	3,135223555	-76,782981
1810,509678	1926,894763	14,756405590	832	2,895351264	0,9132569510	3,826230280	3,3686880580	124,33375430	0,1142196630	4,357196402	-116,385085
1943,149456	1870,428937	10,134820530	74	2,210197937	0,9907188010	2,172855857	2,7315902200	78,92122880	0,1839167280	1,237693390	72,720519
1470,206947	1507,153799	11,676052780	124	3,269680872	0,4694119370	1,997044374	0,9852085580	74,80928226	0,3162519470	0,000000000	-36,946852
2126,502903	2206,894313	13,397782040	201	2,848516519	0,9968065960	4,209487313	3,0917958540	84,77036521	0,1797305930	5,491842998	-80,391410
1351,429949	1345,703528	9,546632377	104	4,350867964	0,0909852514	1,363804625	1,1494924700	63,06622246	0,2270539870	0,000000000	5,726421
1354,744086	1372,638126	5,522645521	79	4,903427250	0,2133372560	1,604642766	0,4011606920	37,77596513	0,1966489710	1,359989120	-17,894040
1385,883794	1433,887351	12,964193110	31	4,292626481	0,6793451480	2,357126021	1,6499882140	90,10649924	0,2062699550	0,000000000	-48,003557
1342,933992	1488,652742	12,328675830	159	3,016938046	0,6649821180	2,110313881	1,3883643960	74,66068374	0,2501277300	0,444049734	-145,718750
1805,759858	1843,248543	14,723424560	23	2,337139157	0,9928001770	2,896970110	3,0844211170	83,68835418	0,1837360690	2,782415136	-37,488685
1416,822785	1578,759973	10,369577290	98	5,392576731	0,6109723210	1,586168610	1,1499722420	67,90784360	0,2848362280	0,278435194	-161,937188
1310,605388	1309,650429	12,269178340	177	4,299239373	0,4266792660	2,401164952	1,8976948820	79,43983145	0,1449683980	0,000000000	0,954959
1334,291227	1303,934721	11,017872710	197	3,952964255	0,4939843070	2,397558849	2,3430688750	77,26678291	0,1929598950	0,000000000	30,356506
1425,297094	1475,070721	13,270517580	927	3,380724943	0,5076963090	1,950677417	2,3940131940	104,86368900	0,1205755090	4,216099618	-49,773627
1317,255122	1391,354514	12,163609270	147	4,460878573	0,4323144610	1,513176273	0,8846261290	72,74885930	0,2236940120	0,416276408	-74,099392
1740,556472	1899,057666	13,471576800	521	2,897383665	0,9980823100	3,580749889	3,5290279460	107,39464640	0,1466356870	0,162795746	-158,501194
1242,137530	1236,996673	9,336642397	317	3,411843856	0,1605543680	2,392094129	0,9194611810	64,41460971	0,1481752810	0,807183937	5,140857
1432,738523	1446,928284	12,430332120	54	4,448054574	0,6303250870	1,406543946	2,0043251230	76,28742726	0,3103187580	0,000000000	-14,189761
2030,980257	2210,500129	12,481089260	80	4,251671710	0,8260211800	2,874432678	2,2314674740	95,18910741	0,1860816940	28,292682930	-179,519872
1258,968374	1286,317155	9,542736727	42	3,305556031	0,2715482530	2,055885830	1,6104439000	43,99595676	0,1968168030	1,392757660	-27,348781
1291,627873	1280,393274	8,980446292	228	4,434087772	0,3668861210	1,668664007	1,3349312060	54,57289786	0,1868296900	0,000000000	11,234599
1394,201911	1367,912514	15,989951110	38	4,102848316	0,6898594510	2,036936448	0,8826724610	91,06803368	0,2953897340	0,000000000	26,289397
1425,789873	1486,008495	11,508776200	94	3,720988293	0,5542023780	1,979022363	1,5832178900	56,85883481	0,2813865340	9,846353603	-60,218622
1153,795337	1195,068174	12,799057600	179	3,850515608	0,8432045320	2,337300511	1,7296023780	93,47332205	0,2286814820	2,207686018	-41,272837
2176,496620	2199,168798	12,787484190	236	4,106437460	0,9993910720	2,576233079	2,8728902210	97,42845098	0,2175277530	1,650875682	-22,672178
1393,726586	1379,421138	8,970199791	62	5,102129093	0,3010512510	1,418213406	0,7091067030	60,78817210	0,2902019180	1,710445938	14,305448
1432,047261	1551,736597	11,340710760	215	2,661951319	0,7389726510	2,268142153	1,0982583060	67,54288579	0,2527187860	0,472366556	-119,689336
1309,421631	1325,588884	10,467957150	176	3,340171020	0,2169329070	2,067280586	1,0148468330	65,44822402	0,1430370230	0,525555118	-16,167253
1977,834689	2186,767374	11,105113810	2939	2,035008313	0,9892287120	3,533346773	5,1699583150	125,40779810	0,1152304590	6,659392754	-208,932685
1587,003326	1613,578959	9,764330812	514	2,780433831	0,5640057510	3,125586047	0,6501218980	95,18034631	0,1419516160	1,937643121	-26,575633
1843,199710	1849,936919	12,807011320	1334	2,490993283	0,9999013940	4,023144916	2,6978736500	116,17817010	0,0835630865	7,646559048	-6,737209
1614,793062	1569,725030	14,687302590	95	3,440127746	0,6944619920	1,228328771	0,9300203550	90,12423668	0,2665824380	1,184834123	45,068032
2447,931164	2399,187056	9,880724488	265	2,108030236	0,9934913860	2,454228636	3,2739410000	98,98885780	0,1305747800	9,397789640	48,744108
1528,972422	1470,679727	8,272419022	88	3,282616845	0,4879704890	1,959481334	1,6783383600	58,94631021	0,1051304330	4,051863857	58,292695
2009,095145	1798,463983	10,959960970	204	2,904049286	0,8577928050	2,269143058	1,3501401200	91,78683670	0,2088292360	0,000000000	210,631162
1276,618996	1255,166825	11,210545640	30	3,253802888	0,4251309510	1,932852697	1,6622533200	71,72816360	0,1809150120	0,213675214	21,452171
1268,324225	1224,412469	12,609409390	270	3,097283851	0,6722843890	2,150553051	1,6774313790	91,82144675	0,1885174800	0,532359875	43,911756
1296,101934	1341,218175	10,749628100	163	4,898273074	0,6926718840	1,681650605	1,4617424490	92,23206778	0,2253929240	0,000000000	-45,116241
1306,084500	1281,390816	12,570360650	53	5,107014929	0,3867221390	1,779874074	1,2014150000	67,12350101	0,2178120900	1,634320735	24,693684
1458,864210	1466,995979	11,251291130	18	4,527187546	0,5837760070	1,844473956	1,2542422900	70,09001033	0,3441788400	1,714898178	-8,131769
1401,386891	1456,207304	8,567044181	237	3,601406502	0,3546662150	2,824300280	1,6851658330	55,63871551	0,2193539880	3,776824034	-54,820413
1461,702264	1450,284999	10,049612010	205	2,914785015	0,4212568380	1,272102786	1,0017809440	81,09655260	0,2042679050	2,179666822	11,417265
2291,639732	2290,476402	13,603551380	588	3,175678788	0,9847287630	3,494198836	3,1209548690	128,44357270	0,1676421310	5,400284225	1,163330
1199,934493	1204,448742	11,980680370	51	4,038639262	0,4628975270	1,254521505	2,1117778660	67,22144395	0,2601041250	0,000000000	-4,514249
1308,992309	1363,544172	11,992693190	13	4,929711699	0,3760755040	2,647393641	1,7340428350	75,19921637	0,1817700470	0,000000000	-54,551863
1214,537159	1231,930820	9,840165271	3	4,485674677	0,3908339680	1,630966620	1,5494182890	60,20985104	0,2318147220	0,938086304	-17,393661
1326,510077	1423,686991	12,010126180	40	3,514885099	0,4868025980	2,158682811	1,3737072430	58,08819201	0,2038581550	1,347708895	-97,176914
1479,172338	1530,016625	12,441491360	423	2,375114327	0,3752622800	1,883036531	1,1163716580	115,53774140	0,0906009577	1,187648456	-50,844287
1305,590024	1287,744937	13,895416560	93	4,045589227	0,3423789770	1,430410528	0,9195496250	83,10685167	0,1092424950	0,000000000	17,845087
1390,093017	1446,203955	12,035338600	231	2,907919365	0,3059839780	1,778160446	1,2540710520	79,05326994	0,0996331374	0,000000000	-56,110938
2153,328526	2246,702753	13,406562740	170	2,297984530	0,0000000000	2,292572067	2,2925720670	91,37394841	0,2564491050	4,508706468	-93,374227
1368,267392	1387,036671	8,146162455	53	3,512375400	0,2058923040	1,301303907	0,4944954840	49,29339198	0,2891497280	2,160216022	-18,769279
1698,801948	1697,252128	13,916175510	72	4,395170269	0,6625409300	1,800916830	2,3411918800	112,31172230	0,3095939750	0,000000000	1,549820
1428,034099	1504,644054	9,196311883	98	5,069122214	0,5943671090	1,558696929	0,9112382050	88,36612592	0,2361545750	0,000000000	-76,609955
1216,055920	1207,930394	9,383030858	92	4,209554356	0,4992330220	1,792935833	1,7132497960	72,17562803	0,1154252250	0,000000000	8,125526
1229,242578	1240,254467	12,761347330	70	4,323690801	0,3761713140	2,391873259	1,4351239550	50,76399246	0,1939949910	1,015375689	-11,011889
1346,209384	1371,506578	10,365539340	166	3,592393375	0,5828570790	2,241197696	1,2214527440	63,05609718	0,2419148790	0,926440615	-25,297194
1311,180839	1320,953631	12,238203380	276	4,318541749	0,6344279830	2,763659085	1,4779568150	75,23761460	0,2529709340	2,279960101	-9,772792
1161,851090	1203,703886	10,814144740	13	3,323087993	0,2521175990	2,672697368	1,6036184210	57,93585526	0,1756167760	1,873097635	-41,852796
1230,322816	1209,761924	11,195356840	117	3,545883893	0,5169210630	1,707042975	1,1095779340	68,76538117	0,2007767050	1,275329460	20,560892
1342,218018	1315,826248	11,821358840	251	2,907299546	0,5484093260	2,214966611	1,4438300870	63,20858423	0,1800521750	0,000000000	26,391770
1312,748924	1369,871682	10,001294670	274	3,083934814	0,3112619760	2,184748835	1,5293241840	59,70837649	0,2156589850	0,600330182	-57,122758
1765,328358	1872,560016	9,661835749	193	4,170266679	0,9820462900	1,442065037	3,3785523730	60,43282552	0,1600074160	3,347495816	-107,231658
1276,804983	1292,081528	12,401544990	56	4,546766131	0,6873863980	2,272038776	0,8709481980	83,57315965	0,2713571640	0,279095730	-15,276545
1962,233397	2047,502778	10,036345610	144	4,363838179	0,7279448210	2,891128366	1,7450024780	72,39178920	0,1628118290	1,522070015	-85,269381
2185,969277	2269,267923	11,969142230	75	3,121079798	0,9102818180	2,687178798	2,4744438100	131,35825690	0,1544008150	1,015228426	-83,298646
1447,107555	1457,160833	9,911360545	99	5,399065143	0,4993668610	2,344959120	2,0635640250	102,56851190	0,2032923230	1,691787142	-10,053278
1224,388958	1230,627164	12,206955870	81	4,020223629	0,3004543150	1,764329665	1,1247601610	61,08991465	0,1662880710	0,000000000	-6,238206
1314,361633	1339,674382	7,957194055	121	4,085611889	0,1422395430	1,629031854	0,6516127420	59,83559309	0,1458610060	2,920962199	-25,312749
2104,521067	2120,502686	12,296954080	410	2,774379214	0,7788375450	2,923495770	2,9691753910	111,22074220	0,1468508470	4,603707851	-15,981619
1203,874134	1234,794434	9,368972169	25	3,626300952	0,7365665470	1,695741569	1,7169383390	67,99923692	0,2356656850	0,000000000	-30,920300
1558,946945	1601,951965	16,330951740	150	6,483221197	0,6427187700	2,291332514	1,2498177350	126,71068800	0,2545045510	0,000000000	-43,005020
1438,672599	1502,809322	8,720368150	440	2,840771105	0,4023840830	1,836884644	1,1601376700	69,33756139	0,1397579180	0,138350858	-64,136723
2684,527584	2686,640387	13,307566230	287	7,175732038	0,6535904740	2,996648646	7,8555003790	125,65131240	0,1037818930	0,294637596	-2,112803
1149,027541	1214,304036	9,506219784	12	4,733690043	0,1526427290	1,901243957	0,7876582110	38,05203976	0,1213536860	2,238137869	-65,276495
1556,198276	1500,254839	9,672455485	72	3,823171839	0,6573446620	1,815974844	1,5579152610	73,98663825	0,1143299530	1,170372847	55,943437
1319,068531	1350,661618	12,746149790	112	3,454970271	0,3777478770	2,000109097	1,1818826480	78,38609379	0,1162245210	0,312891114	-31,593087
1296,484600	1311,841661	9,716467865	71	3,872535865	0,5974079590	1,769311296	1,1647966030	59,24243988	0,2535423090	0,232612235	-15,357061
1982,500513	2022,283826	15,927945230	964	2,453091895	0,8979255530	3,625337816	4,4634029210	129,68822090	0,1628294580	0,751792737	-39,783313
1436,116870	1391,069839	8,754878781	678	3,221410730	0,1667376150	1,436066818	1,2052703650	57,66321156	0,2301809960	0,356506239	45,047031
1204,600747	1282,779174	11,044078330	38	2,832155205	0,4927142680	2,099634664	0,9518343810	72,25542756	0,1882112510	0,297486241	-78,178427
1260,595634	1336,064741	11,669394630	113	3,429530280	0,2092012760	2,355074597	1,1186604340	72,34789162	0,1361468620	0,000000000	-75,469107
1460,016067	1495,365539	16,031371080	197	5,787664930	0,6079787580	2,110162189	1,9167306550	102,61835960	0,2607808770	1,798156889	-35,349472
1300,516933	1231,249698	8,172338269	77	4,896080547	0,2722696220	1,471020888	1,0133699450	45,11130725	0,1882252950	2,084056964	69,267235
1379,636413	1471,674575	8,865555583	90	3,541294173	0,0941036626	1,485847304	0,8915083830	52,40088160	0,1907827940	0,000000000	-92,038162
1296,016817	1297,441465	13,797884470	270	3,246405170	0,3841268420	2,236285976	1,3417715860	63,42107029	0,2289733210	1,855649966	-1,424648
1632,256496	1585,047002	18,399031490	329	3,757633004	0,8906834120	3,059853393	2,1418973750	160,36292520	0,2020035390	0,000000000	47,209494
1204,458528	1204,093121	14,962564340	132	3,622297613	0,3505732340	2,222742162	1,7781937300	74,16939635	0,3020823580	0,309813337	0,365407
2264,633428	2315,176301	14,539933190	198	4,018013969	0,7974248410	3,158214394	3,7169754020	95,26875190	0,1823747340	6,260823232	-50,542873
1636,068221	1656,773857	8,619270285	214	3,927843454	0,2002025160	1,564146470	0,4857086410	47,78879083	0,2158522130	1,830663616	-20,705636
1951,857796	1999,590051	17,297058580	581	3,969803752	0,9980770820	2,944180184	2,8429739900	159,79537950	0,1902676440	0,386847195	-47,732255
1629,689471	1618,424922	11,550499670	42	3,097869433	0,4839770580	1,271031601	0,3336457950	90,81520789	0,2869989360	1,439326838	11,264549
1321,335918	1286,273076	12,547651350	114	4,061859534	0,4958325260	2,455256187	2,2484977710	96,14266331	0,1246494800	1,866058470	35,062842
1395,373816	1447,433128	9,164782795	121	3,529892467	0,4473177740	2,749434838	2,2759210610	62,01503024	0,1887028780	0,000000000	-52,059312
1637,770690	1697,905711	9,131470790	84	2,991860037	0,4135708690	1,759127473	1,5992067930	61,48950121	0,1967344200	0,325150382	-60,135021
1281,579107	1282,486725	9,636957607	869	2,622997018	0,2323479700	1,971005255	0,7758212170	78,71859497	0,0972166890	2,760762661	-0,907618
1915,952133	2115,950768	14,060778000	3481	2,531607089	0,9084111560	4,033937809	4,6271639570	130,68508390	0,0794448458	11,615558210	-199,998635
1367,723996	1357,204406	7,772761045	62	4,867048637	0,5285763270	1,285934732	1,2716465680	56,46682288	0,0955306624	1,794795094	10,519590
1295,220041	1316,486214	8,552463620	49	3,912713812	0,3648838400	2,808271636	1,4169006890	48,46821547	0,1601736020	2,231431304	-21,266173
1167,563366	1173,472250	10,461264650	47	2,647075691	0,4185494640	3,262965343	1,8193503730	54,09601028	0,1403075100	1,550387597	-5,908884
2687,663186	2675,247560	17,143684340	124	4,307614360	0,9305980640	6,203987096	5,7697079990	104,20630330	0,1333443630	2,481389578	12,415626
1316,662790	1318,954872	7,940514986	147	3,409712214	0,3667967140	2,386744389	0,9638775420	57,10744940	0,1647955200	1,559714795	-2,292082
1387,528946	1367,792193	14,612253420	81	4,407368751	0,5345475420	1,739553978	0,9219636090	93,69237727	0,2837908360	0,000000000	19,736753
1200,995425	1186,383006	11,761800790	131	4,122907569	0,4718886460	2,209399043	1,4426076110	76,48419630	0,1811447290	3,443822643	14,612419
1296,891741	1392,495197	13,525337900	149	4,054185129	0,5645455560	2,513311241	1,6941579480	71,88070149	0,2483896190	5,696297407	-95,603456
1627,050914	1654,082384	10,774107060	155	3,771062753	0,6540133550	2,129765350	1,6035880280	83,27382518	0,2214204280	0,000000000	-27,031470
1484,302884	1431,998820	12,701637120	798	2,332306718	0,5486495640	1,529001889	0,9501654600	118,56317510	0,1290040740	0,000000000	52,304064
2230,495850	2333,909749	10,401396810	257	3,464281379	0,9980765820	3,734792392	2,1568426070	114,40602800	0,1969356030	0,000000000	-103,413899
1445,786741	1447,427385	8,232700966	58	4,587498352	0,5863491640	2,260695918	0,5651739790	73,56681298	0,2446072980	0,000000000	-1,640644
1697,808765	1839,957721	13,075589720	19	7,498191273	0,1552490770	1,884090738	1,8840907380	92,69726430	0,2355867060	0,000000000	-142,148956
1317,501357	1317,493792	9,661239928	51	4,996341062	0,1379090610	2,261141260	0,8222331850	91,32955106	0,1268705800	2,916396630	0,007565
2316,318622	2530,338208	17,324244520	139	3,596814726	0,9738015960	3,455425017	2,0104291010	130,11245840	0,1390965630	12,872628730	-214,019586
1335,223414	1283,511508	9,223385185	122	4,192592378	0,3481611060	1,879373157	1,8938298730	50,82981553	0,1888047190	1,378254211	51,711906
1495,688910	1522,562891	18,507133290	103	3,180279026	0,7310790570	1,891700166	1,5133601320	118,21549620	0,2865610470	0,000000000	-26,873981
1295,844553	1339,716989	11,139438200	21	4,893543719	0,5959254920	2,296791382	1,4010427430	65,91791268	0,2839293510	0,323572238	-43,872436
1376,872390	1433,538339	8,265713685	398	3,860424637	0,2066596590	2,102165230	1,2697077990	51,84780324	0,1915661130	2,809235361	-56,665949
1418,703848	1342,386294	12,787416700	38	4,342318545	0,2426907610	2,101218707	1,4408356850	67,64423366	0,2338356250	4,236200257	76,317554
1319,119475	1335,376188	11,668731930	19	4,198600785	0,2236420900	0,774473358	1,6263940520	54,62618753	0,2084365960	0,247708695	-16,256713
1361,160047	1345,893319	9,504318568	143	4,238110930	0,3448090460	1,907801172	1,5435845850	42,43990426	0,2030594190	0,170823369	15,266728
1259,486203	1310,363199	11,625694170	60	4,762123073	0,5773575770	1,730014013	1,5570126120	78,81943844	0,2283272490	0,303076224	-50,876996
1279,521892	1271,033163	9,419015046	52	3,791852880	0,3796999460	3,278079483	1,7373821260	55,23563928	0,1985204930	0,000000000	8,488729
1166,525887	1188,717647	7,100045429	163	3,593758701	0,1376045960	2,711059658	0,8792625920	53,10013335	0,1212796200	1,812469792	-22,191760
1657,224316	1561,706489	11,126473110	196	2,950640971	0,9454210280	2,915643840	2,7275377860	92,49174685	0,1718725020	2,407792492	95,517827
1861,520501	1972,173556	12,174292870	1125	2,151232269	0,9912388770	5,039955648	6,6835411850	110,10623110	0,1189149540	2,401695314	-110,653055
1324,640844	1345,508143	11,013073170	128	4,465166297	0,4707764860	2,461745766	1,6973089230	70,76871251	0,1090942070	5,225653207	-20,867299
1263,720118	1219,020249	10,257565210	40	5,961713280	0,4917693790	1,637934565	1,2898734700	62,67147127	0,2461406170	0,499085011	44,699869
1348,276599	1354,895654	10,678278000	86	5,881968743	0,4617707280	2,332633543	1,2311121480	67,38719125	0,1969520260	0,000000000	-6,619055
1182,821853	1135,701494	12,649864950	63	4,809960554	0,3761731730	3,303344150	2,2346151600	76,32668131	0,1706468730	0,227738556	47,120359
1231,854418	1250,824872	13,643732810	25	4,225695393	0,3123850120	2,185911798	1,6758657120	58,91032297	0,1981164730	0,000000000	-18,970454
1328,567247	1549,085289	9,575564836	27	3,040905834	0,4433416620	2,970521938	1,1008404830	51,98413392	0,1661744920	2,313354364	-220,518042
1406,751336	1453,551320	10,917483530	13	6,933509673	0,4792801200	1,815258545	0,5186452980	71,00254136	0,3071417460	0,000000000	-46,799984
2052,085756	1958,144208	16,863590900	82	3,014316079	0,9987184300	3,438359590	4,1729182300	98,33708427	0,1803263320	1,213381869	93,941548
1305,647160	1252,418955	7,597024008	61	5,213266328	0,0839009835	0,981527650	0,0392611060	47,27037161	0,1492707250	0,263019463	53,228205
1335,901038	1284,143300	12,374023500	55	3,535869760	0,2041266620	1,789015445	1,3715785080	64,76235912	0,1571351900	0,000000000	51,757738
1227,219139	1235,967537	11,911155670	88	2,669352047	0,3580507720	2,864406173	1,1099573920	66,91968921	0,1500710130	0,954350247	-8,748398
1566,848770	1593,225887	12,639821030	302	2,729562160	0,3677213170	2,556727389	1,7098114410	99,24896133	0,1728667310	75,244962100	-26,377117
1940,749464	2144,858913	11,653380390	1255	2,741338567	0,9508306460	4,044199680	4,4955272930	113,32253190	0,1651580150	9,426286135	-204,109449
1274,184772	1298,097262	10,639367490	131	2,954362232	0,3295553220	1,828070015	1,2248069100	59,38485444	0,1644348980	0,889382991	-23,912490
1502,320036	1497,234046	13,768636230	55	5,980255100	0,2939983950	1,478227816	1,6049330570	76,99455167	0,2274781430	0,000000000	5,085990
1241,121585	1301,965731	10,767693750	122	2,092912986	0,7592413450	2,378724686	1,2369368370	86,95031637	0,2543966760	3,366163820	-60,844146
1168,596696	1225,971502	11,511375950	66	3,692597895	0,2309433520	2,708559047	1,7412165300	64,63782696	0,1198730850	0,000000000	-57,374806
1302,644123	1308,069187	10,672462940	284	5,082296046	0,1708496600	2,105912349	1,5418286840	66,77246369	0,1616588570	0,465246115	-5,425064
1369,737592	1355,000387	12,892159580	71	4,045980191	0,5475571290	3,319869418	1,1342887180	84,02036187	0,1735738390	0,000000000	14,737205
1595,581027	1552,611849	13,342863950	84	4,524064808	0,6010755980	2,552843868	1,8380475850	92,65121345	0,2309472750	0,000000000	42,969178
1713,325047	1746,831876	10,713890430	269	3,315340343	0,2337797450	1,881571666	1,8040951850	84,52684007	0,1209739900	90,210430010	-33,506829
1321,508442	1422,400422	10,580149370	34	4,112701591	0,4183894360	1,623552333	1,8670851820	81,74585994	0,1838943610	1,765744556	-100,891980
1288,869427	1291,651108	11,594768970	494	3,142001562	0,3808480170	1,808292104	1,0415762520	83,07293927	0,1099296940	1,447558889	-2,781681
1315,299747	1326,738308	11,695510170	102	3,694209164	0,4396048190	1,761780211	0,9757551940	65,89057990	0,2549973570	0,531462585	-11,438561
1519,795592	1457,858533	13,556669420	21	3,651185415	0,4324810190	1,903432523	1,1632087640	65,58382505	0,2439777510	1,907073509	61,937059
1285,677950	1268,824106	8,790165861	35	3,408076106	0,3365345510	1,807746192	1,2880191620	49,62263298	0,0891670809	1,013684744	16,853844
1413,071707	1441,228798	11,732708650	108	3,136385293	0,6224092750	1,389660923	1,5484793140	84,92813468	0,2976256650	0,000000000	-28,157091
1875,202521	2081,678289	11,759110010	72	3,278585207	0,0144016066	2,113997305	1,9290225400	85,72259070	0,1420606190	3,162202381	-206,475768
1237,861484	1252,276645	13,064937580	166	3,014405995	0,4837206730	2,903319462	1,7696423390	101,24289720	0,1733972990	0,159464200	-14,415161
1375,443477	1378,287084	10,931170530	306	2,034937568	0,2678136780	2,108907498	1,3444285300	72,24765604	0,1312443430	0,133904660	-2,843607
1420,592240	1565,329392	11,852134710	66	3,915977618	0,6587995120	1,762399213	1,3658593900	82,43622318	0,2413899460	2,433682161	-144,737152
1262,041933	1280,866786	12,592989350	132	3,386288163	0,4109623280	1,547342736	1,0712372790	73,77254062	0,2694518840	0,000000000	-18,824853
1353,906007	1289,555258	10,723438690	38	4,569353896	0,3844251610	1,573670249	0,9442021490	77,49201924	0,2316892230	0,000000000	64,350749
1281,381094	1290,719458	11,100669560	39	3,588864090	0,6688300250	1,468342535	1,5564430870	59,76154117	0,2429813230	0,000000000	-9,338364
1225,052751	1189,790069	10,335955740	115	4,045032049	0,3313157150	1,933344239	0,9964158770	49,44899689	0,1867015660	0,955870639	35,262682
1662,566525	1683,085159	13,422630720	58	4,883371630	0,5122176760	2,241775486	0,8406658070	89,75508603	0,3524071060	2,862595420	-20,518634
1340,695462	1356,227012	12,075241110	165	2,949148490	0,5000132840	1,726932171	1,0627274900	82,33481230	0,1647758970	2,418574653	-15,531550
1384,493274	1401,011998	8,721533882	81	4,628573406	0,2810733490	1,615098867	1,1997877300	55,88242080	0,2323435080	3,773584906	-16,518724
1552,410540	1572,531629	6,785055255	132	3,706428438	0,2251819370	1,917853663	0,8811760070	48,85861790	0,2072836970	1,200300075	-20,121089
1316,343007	1329,186911	10,214164250	150	4,106300841	0,4793533710	1,953214762	1,7234247900	75,34813181	0,2812859050	0,000000000	-12,843904
1303,842396	1328,454077	9,316492483	435	3,486989325	0,4198736940	1,900184430	2,0454926510	67,16593081	0,1117532000	0,700140028	-24,611681
1364,942858	1470,681609	14,513036540	118	4,175737898	0,3805298590	2,379186318	0,7417463230	89,86326676	0,1277763010	0,438116101	-105,738751
2906,954857	2732,177697	16,116626630	334	3,324202156	0,8635174950	4,496562496	3,0529292740	92,94868002	0,1763599140	11,943102520	174,777160
1194,041721	1178,067725	11,266083550	421	3,868035527	0,6140353250	2,161358954	1,6953159300	82,53689507	0,2781804060	0,145680571	15,973996
1238,254545	1301,920733	13,654329860	102	2,911983471	0,3772906930	1,616960115	1,7247574560	99,65864175	0,1761408550	4,283965728	-63,666188
1501,895389	1487,155899	11,368261910	37	4,038843984	0,5975460840	1,744490318	1,2211432230	70,82630691	0,2541722390	0,000000000	14,739490
1213,651302	1250,163808	10,905296860	43	4,763370780	0,3409370270	2,143898465	1,0576565760	65,80339022	0,0998770830	0,000000000	-36,512506
1219,616469	1212,844261	9,447243987	228	3,820657715	0,6011185230	2,038973522	1,3884438750	76,52947288	0,2078976240	2,521950308	6,772208
1295,494378	1342,348740	14,566357370	166	4,155542608	0,4926211620	2,521936499	1,7566592170	97,04237723	0,1732831270	0,000000000	-46,854362
2119,733470	2156,539326	13,884396800	912	3,437139029	0,9960899600	3,523079056	3,0783625190	122,30282310	0,1202929350	5,281352026	-36,805856
1431,161801	1465,010509	9,297445916	225	4,133510600	0,4981097610	1,718399537	1,2933217570	65,33535924	0,2377722310	0,532521871	-33,848708
1240,843082	1287,388723	12,080404000	121	2,981327713	0,6750739110	2,970591148	1,5984609510	88,74994695	0,2117890030	2,404488378	-46,545641
1306,640174	1313,735207	13,042655330	121	5,029870778	0,2851317170	1,892733624	1,0496068280	57,22938211	0,1872085620	0,919117647	-7,095033
1336,727724	1328,891172	13,432423610	228	3,050767029	0,3414848480	2,008586708	1,0921690230	62,00256095	0,2296316750	0,874699322	7,836552
2397,096878	2375,453875	13,077231140	278	4,043005453	0,9793136380	2,695542343	5,3217707400	143,24882170	0,1088537010	12,452242820	21,643003
1378,548256	1333,368597	6,898420394	93	4,073224316	0,2514188630	1,977254253	0,8128711930	63,68955644	0,1092030200	3,889484979	45,179659
1208,756513	1233,817990	10,652255400	26	3,652239785	0,3741565660	2,967637136	1,3276271400	52,46470074	0,2331313260	0,535977489	-25,061477
1413,871375	1446,328857	7,893822694	185	4,367919217	0,1240252510	1,197848664	0,4432040060	46,57235605	0,2091922910	0,458085204	-32,457482
2377,105687	2431,737155	18,944419870	102	3,150191656	0,9939739050	2,948547840	3,5198289840	109,92554920	0,2266696150	5,203252033	-54,631468
1136,132901	1160,637325	12,204424100	202	3,006678532	0,4916518350	2,881600136	1,8221883210	77,40486482	0,2417154000	0,000000000	-24,504424
1253,800870	1229,738605	12,913872590	45	4,125628667	0,2900513410	1,833612741	1,2442372170	77,62730511	0,1765507120	2,225519288	24,062265
1239,003755	1309,431183	11,839174030	441	3,031049433	0,4720523550	1,893258108	1,2558612120	87,51270061	0,1830654370	4,964147821	-70,427428
1391,122268	1389,083995	10,770293680	143	3,407766347	0,5921390110	2,082130587	1,1073149030	67,39478142	0,2889240120	0,000000000	2,038273
1320,818607	1346,102660	11,705716450	138	3,232344646	0,3989529370	1,843419913	1,1797887440	81,71880473	0,1452246210	2,030972328	-25,284053
1460,371426	1482,423518	11,834666770	269	3,428212802	0,5650841470	2,477781473	1,7670494190	77,30678195	0,1400337760	1,396908177	-22,052092
1392,214774	1465,064705	11,494454890	559	3,077930295	0,3238307820	2,021196197	3,1548236290	102,97555230	0,1126421430	0,468091746	-72,849931
1108,703103	1162,692336	12,938601970	274	2,793157102	0,0121481408	3,494670627	2,0385578660	104,10790210	0,1836366210	5,799728138	-53,989233
1366,361364	1375,374505	11,908048520	51	4,416100712	0,2521671910	2,392652716	0,6073656890	63,58934717	0,1821360870	0,000000000	-9,013141
1304,616244	1327,416942	10,768738670	10	4,372374454	0,3334843800	3,465188186	1,6526282120	54,45676511	0,1598251410	1,667778519	-22,800698
2131,004160	2106,344696	12,054297460	364	2,485130309	0,4414079420	1,797929113	1,7815843020	116,82453030	0,0775724688	14,538558790	24,659464
1435,083121	1631,120172	11,205494310	26	2,844338925	0,7886564910	2,300248098	2,4481211900	56,47109081	0,1478402310	0,000000000	-196,037051
1475,731744	1579,255341	12,424770470	326	4,160716639	0,6970025330	2,342914879	2,3355932700	88,81843874	0,1612804030	0,000000000	-103,523597
1122,370215	1125,390087	10,818340100	35	4,828949507	0,3035403370	2,089378990	1,2071967500	54,43993035	0,1460708070	0,635727908	-3,019872
1265,694010	1258,879886	9,016002573	212	4,127576991	0,1943042820	1,552571169	0,4879509390	53,54152573	0,1522406930	1,165501166	6,814124
2115,644651	2190,280659	15,434385340	190	3,515607250	0,9260631200	3,951202647	3,5560823830	104,83034520	0,1666913620	5,629629630	-74,636008
1399,742732	1496,265868	11,248009970	89	3,686215131	0,5765383820	1,730463072	0,8825361670	68,18024503	0,2773240120	0,000000000	-96,523136
1366,084939	1358,275368	12,242914980	72	4,471740891	0,3735870450	1,943319838	1,4089068830	73,78137652	0,2199190280	1,620029455	7,809571
2854,524077	2945,485441	14,239199860	580	3,213829472	0,9523438600	3,037903691	3,7389583890	99,00450233	0,2191029620	2,488623436	-90,961364
1402,545491	1423,877442	8,201010380	178	4,161822489	0,1559523920	1,141671979	0,4566687910	48,86356068	0,2345374800	4,137595327	-21,331951
1337,023818	1315,188360	11,286911480	163	2,831476685	0,2981531540	2,148810803	1,2666674210	60,22325013	0,2224584660	0,000000000	21,835458
1245,195140	1380,266005	13,918753320	63	5,849460128	0,0885066241	2,543293797	1,6647013940	70,03306282	0,1686897410	0,000000000	-135,070865
2014,524904	2115,080685	9,415470187	319	3,403089346	0,7369699610	2,010420681	1,2732664310	110,87470050	0,1652565800	3,649635036	-100,555781
2325,188055	2670,864281	9,809852362	68	4,427088272	0,7476578980	2,125468012	0,6539901570	66,83779409	0,2140182790	0,916730328	-345,676226
2271,446945	2560,393391	14,418132760	2890	2,454745004	0,9799905630	2,955527095	4,8066203810	144,86058040	0,0750980423	6,306098964	-288,946446
1541,517900	1620,713600	13,386449410	1886	3,571629871	0,4201403850	2,173611606	0,8432113990	118,04959580	0,0844335681	3,639591656	-79,195700
1277,433181	1282,365273	11,421232480	32	2,896841960	0,2025778040	2,752104213	2,1787491690	56,85388620	0,1173313760	3,127443315	-4,932092
1184,815990	1187,283359	10,790784960	39	4,153934511	0,4664142880	2,264932376	1,4074936910	68,93483466	0,1334045170	0,000000000	-2,467369
1619,991035	1653,510795	13,373366300	739	2,358996821	0,5647968920	1,554221123	1,8933239140	130,42034620	0,0877852349	6,438113633	-33,519760
1341,528361	1341,433182	11,860069850	63	4,666461217	0,3358174110	2,054500289	1,3074092750	76,65153807	0,2088119390	0,178890877	0,095179
1366,495393	1394,346872	6,081289851	98	4,661512317	0,1762029160	0,983118452	0,5617819720	46,44532457	0,1825791410	1,230769231	-27,851479
2363,888918	2306,712248	14,939185620	122	4,049826664	0,9957547450	3,525471532	3,8927081500	94,42387919	0,1768023970	0,166168162	57,176670
1341,072284	1354,195629	8,489071904	101	3,881165664	0,3508520750	2,280646183	1,4190687360	44,81469750	0,1692746280	1,197604790	-13,123345
1288,594182	1327,501002	11,850663820	30	3,224115655	0,1628575250	0,891027355	0,8242003030	60,63441148	0,3098547630	0,000000000	-38,906820
1768,516464	1871,017808	11,398132210	283	3,209072101	0,2375916010	1,546820317	2,1365455640	92,55786075	0,1118157740	0,000000000	-102,501344
1824,776026	1882,545116	13,184017000	372	3,980846126	0,5924838520	3,075804603	0,9367223110	126,21983610	0,1329586440	1,051524711	-57,769090
1491,032321	1485,658705	11,718320350	133	2,722076977	0,5815755850	3,722787691	2,2844379010	76,01255595	0,1640226410	6,602702982	5,373616
1303,394142	1291,946817	10,413817360	48	4,128150522	0,2817396740	2,149193076	1,3872064400	72,44734477	0,2054237820	0,000000000	11,447325
1361,638274	1433,493907	9,350907734	64	6,436781895	0,7100472520	1,492166128	1,3429495150	73,48918180	0,2675453870	2,788622421	-71,855633
1263,121941	1227,124260	9,073171585	120	4,139571102	0,4101563530	1,837382867	1,7586378870	64,54463528	0,0949314481	0,552995392	35,997681
1912,059384	1843,166634	13,295197800	152	1,719024671	0,9568363180	2,046084795	3,0255934730	110,60176660	0,2427701380	2,008392210	68,892750
1261,417913	1303,298599	8,292258219	164	3,607181475	0,2592436560	1,193635815	0,7934167470	56,97855668	0,2797882350	4,216020879	-41,880686
1262,657177	1294,589189	13,923136320	167	3,399594843	0,3840278300	2,573746129	1,6687837800	74,36465831	0,2292128490	1,231527094	-31,932012
1284,373788	1266,677136	13,197164710	9	4,540384257	0,1644515950	2,098489088	1,1191941800	73,09736989	0,2326058570	0,000000000	17,696652
1254,676729	1285,030203	10,008836050	83	2,869515624	0,2668808740	2,570487589	1,7832757650	55,00843441	0,1607197370	1,599360256	-30,353474
1320,246062	1325,114468	13,564609930	76	4,564321685	0,3560710110	2,373806738	1,4412398050	76,35179816	0,1274395100	4,257583821	-4,868406
1272,416795	1252,515810	12,524219480	49	2,954417434	0,4226274890	1,997483171	1,3383137250	73,14783373	0,1573617240	0,000000000	19,900985
1360,015825	1347,867774	9,791869781	69	3,736128184	0,2307377110	1,695561867	0,8053918870	53,91886736	0,2084693320	0,000000000	12,148051
2014,165220	2139,833576	8,898465713	86	2,155204405	0,5486722130	1,596137348	2,2744957200	59,56252536	0,1243124970	5,242884657	-125,668356
1348,523858	1441,180724	9,006045154	98	4,163452180	0,3410645500	1,370783128	0,3975271070	63,09714740	0,0959274033	4,858531009	-92,656866
2098,864861	2271,482442	13,181776770	168	2,892702720	0,6803787050	1,751963952	2,4177102530	87,65426043	0,1201146490	3,267211202	-172,617581
1283,862511	1335,540945	10,647882710	49	3,266147924	0,4495372270	2,621017282	1,0320255550	56,90883774	0,1696125810	0,772648252	-51,678434
1348,293724	1384,774341	12,914633600	41	5,557119835	0,2817941720	1,119119029	1,3877075970	76,50297686	0,2637092080	0,339500934	-36,480617
1297,479992	1297,912977	7,356240406	541	4,594881332	0,4142578820	1,416932341	0,0413271933	58,05289881	0,1456370290	1,053997081	-0,432985
2236,974333	2392,601390	16,084788030	505	3,461128429	0,9962032420	4,488778055	5,7917705740	116,05361600	0,1159725690	22,363186750	-155,627057
1416,781145	1418,816114	14,582279700	92	3,569130361	0,3997302700	2,649134215	2,0470582570	68,55236857	0,1671844520	2,160760588	-2,034969
1292,334188	1286,795232	10,505247330	81	4,585646359	0,5262578230	2,329792754	1,4614154550	64,52466933	0,1933727990	0,657174151	5,538956
1406,346752	1509,858072	7,884908009	20	5,796006824	0,2711301700	2,305528658	1,2449854750	52,84271683	0,2316595200	1,990445860	-103,511320
1307,363518	1342,178092	11,503274390	55	5,037649310	0,3285668740	1,471634250	1,0056167370	66,37070467	0,2596453360	0,188928774	-34,814574
2143,676157	2368,900552	15,337863390	339	3,340654468	0,9087944910	3,130176203	3,6388298360	109,47791270	0,1564044710	7,505003336	-225,224395
1249,665562	1272,752303	6,268158497	14	4,097904432	0,0731779687	0,865426222	0,2596278670	49,77437102	0,1385423750	2,141709798	-23,086741
1742,013376	1862,449545	9,793224220	72	3,458934465	0,9976291510	2,559439617	2,1822590420	80,21822590	0,1778137000	6,818181818	-120,436169
1276,296834	1311,847022	8,371264595	46	4,314051059	0,2490995450	1,385315654	1,2467840890	53,29507223	0,0778151593	1,525940997	-35,550188
1238,766153	1245,632832	12,330486370	71	4,514946538	0,3994409310	2,852392750	2,2004172640	72,33668014	0,1657647670	0,688298918	-6,866679
1321,024734	1332,965982	11,247706420	55	4,541394495	0,3819449540	1,284403670	1,1559633030	56,38532110	0,2165871560	0,847170451	-11,941248
1113,267789	1104,193112	13,259682160	117	3,259039569	0,6689775340	2,965818937	1,9772126250	90,63048368	0,2553322950	0,000000000	9,074677
2154,439067	2224,454884	13,655180940	247	4,734104999	0,8971639240	3,501328445	3,3159639980	97,06918213	0,1252239820	0,657894737	-70,015817
1259,323771	1240,048441	6,100568521	26	4,984579840	0,0000000000	1,038394642	0,2855585270	50,59577893	0,1009319590	0,000000000	19,275330
1417,353113	1442,134005	14,048487150	53	3,967894109	0,5929394690	1,727981200	1,2787060880	91,20284771	0,3162551190	0,327833024	-24,780892
1615,289462	1539,901044	15,472521830	108	4,017462763	0,6157764080	2,568053416	0,8132169150	106,38161270	0,2125920220	2,617274008	75,388418
1394,348926	1363,529577	11,387657690	109	3,524087965	0,4077224680	2,386634845	1,4149335150	73,74701671	0,2160245480	3,945707071	30,819349
2337,297776	2496,463037	21,190383290	233	2,566447559	0,9957479160	2,701323649	3,3516423050	138,83803060	0,2202279120	0,908595312	-159,165261
1629,114610	1619,876095	11,923593010	97	3,186784775	0,5777106270	1,418176661	0,4145439470	81,94879291	0,2919262110	0,672645740	9,238515
1344,060438	1321,211970	14,327162860	263	3,295151544	0,3897827550	1,798388644	1,4626894300	89,47582966	0,1351429120	0,354861604	22,848468
1256,068802	1261,479644	11,153306650	86	4,549351671	0,3627732730	1,539566869	1,3342912860	65,79082418	0,1306236960	0,000000000	-5,410842
1229,985132	1233,274478	9,422881854	85	4,482916022	0,4107762530	2,135497304	1,4014201060	52,31968395	0,1767124020	0,302114804	-3,289346
3119,786428	3273,202581	12,305854240	177	4,391469534	0,9880525690	4,778972521	2,4133811230	169,48626050	0,0784229391	6,703229738	-153,416153
1751,993639	1783,069553	13,213016890	82	3,439238187	0,8744806410	3,010778587	3,2516408740	107,32135330	0,1899285160	0,815254314	-31,075914
1234,559675	1317,155519	12,427761370	167	3,518333665	0,6124023990	2,626859182	2,1196036160	73,27125491	0,1536803200	0,117882824	-82,595844
1222,854716	1324,846846	11,357484910	76	3,144919842	0,5792629610	2,498438476	1,7801374140	74,19321258	0,2386216950	1,832300846	-101,992130
1372,271844	1408,435924	10,761299360	203	3,970035204	0,7495286720	1,835260357	1,0677878440	91,05393997	0,2258871820	0,886328385	-36,164080
1430,889183	1455,956053	11,088350180	417	2,849158629	0,5152806920	2,902709472	1,7416256830	66,20665633	0,2002869540	0,414078675	-25,066870
1426,257075	1423,476141	13,884455790	81	3,647555591	0,3779923400	2,127885945	1,4496223000	64,38184913	0,1848866900	0,287728384	2,780934
1347,831402	1371,182940	7,760892322	60	3,355749678	0,3352224190	1,925182592	1,1791743370	50,84888520	0,0928419305	0,259201659	-23,351538
1277,971539	1262,965839	11,934449590	84	3,405177532	0,5137552940	1,979179037	1,0093813090	66,28270593	0,2580057790	0,767106474	15,005700
1215,286641	1294,311819	10,003804580	56	4,101738916	0,3538034600	1,790390081	1,1861334290	63,37980888	0,2272005010	4,531126872	-79,025178
1229,118198	1183,628214	9,265985439	247	5,214554377	0,1613798890	1,937139813	1,0331412340	48,52535232	0,2230293640	0,000000000	45,489984
1518,121638	1468,987524	11,349874670	56	4,509730476	0,5572140700	2,534711465	1,5489903400	69,45109415	0,2406286080	0,000000000	49,134114
1349,794617	1349,777105	11,892145020	291	4,404875163	0,1529342170	2,218223942	2,1196362110	85,51253297	0,1212629090	0,000000000	0,017512
1346,387149	1362,324045	5,572912269	35	5,638323623	0,1605167610	0,562920431	0,1407301080	43,93593965	0,1632469250	1,034482759	-15,936896
2138,822340	2178,910532	17,589142000	129	3,151168018	0,9890811010	3,190116439	2,8856053250	106,08587210	0,1961631600	6,209343584	-40,088192
1438,891758	1511,278062	13,352453040	62	4,137579633	0,4946402130	1,880627189	0,9285596750	87,44916430	0,1241213940	1,325757576	-72,386304
1944,584874	2127,289217	11,495304600	1904	3,698456537	0,1530965570	2,817240549	4,6929930170	150,53214540	0,1356224420	5,858958881	-182,704343
1491,945382	1475,537201	13,982505790	27	3,704746591	0,7103164390	2,315410342	1,0290712630	91,18857731	0,3071520450	1,340145741	16,408181
1337,202319	1352,604959	10,271807840	107	3,434059304	0,5819733360	2,011263073	1,1492931850	66,54407539	0,2568382940	0,223738673	-15,402640
1561,786139	1567,132487	10,189505760	54	4,623678697	0,5334253880	1,904580516	1,3570136180	66,89839063	0,2994952860	0,000000000	-5,346348
1219,358201	1153,134344	11,359490160	34	3,641361193	0,3210819490	0,972975603	0,9243268230	67,96234584	0,3423414660	0,000000000	66,223857
1407,035963	1495,933741	8,800131899	43	4,214356374	0,3280985940	1,236552492	1,0922880340	79,07753184	0,1799596060	1,832340815	-88,897778
1371,280801	1397,393541	12,047748880	32	4,534301083	0,4014074130	2,210596124	1,1974062340	91,15024685	0,1450519490	1,778003556	-26,112740
1187,189015	1211,108075	14,272449010	68	3,892543935	0,6288131510	1,203700519	2,0118994390	95,43625546	0,1338858890	2,825584382	-23,919060
1341,315282	1428,004174	12,689101570	262	3,182531646	0,6199197280	2,716887928	1,4572398890	97,81414017	0,2193640010	1,520013511	-86,688892
1114,377086	1118,633370	8,522099448	124	2,468908840	0,6212707180	3,176795580	1,6574585640	65,82872928	0,1699723760	0,000000000	-4,256284
1441,554363	1476,555493	12,627587040	51	4,248477024	0,6800137170	2,017186428	1,0287650780	79,39645782	0,3102836160	0,520088415	-35,001130
1341,679451	1353,618459	12,831921410	30	3,363422795	0,6366483950	1,245817612	2,1534847300	98,50857834	0,1729194850	0,000000000	-11,939008
1506,340730	1527,649157	11,758896330	176	3,441076921	0,4064997990	1,748917214	1,1933788050	66,92180283	0,2232029880	0,000000000	-21,308427
1593,953472	1650,543018	11,060299900	7	3,394732178	0,9971640260	2,126980751	1,7724839590	63,38402637	0,1667198410	13,608335110	-56,589546
2522,480748	2437,734328	17,551841390	161	4,422058331	0,9947320530	2,155069202	1,5803840810	155,06920170	0,1554044350	0,616332820	84,746420
2037,991183	2010,486128	16,120686220	125	3,786012817	0,7164749430	2,786291446	2,8858018550	104,82426460	0,1732277200	0,919117647	27,505055
1375,067759	1282,961904	9,801383290	56	4,142545401	0,3954210900	1,849317602	1,1280837370	58,97473832	0,1764248990	0,628930818	92,105855
1386,602599	1416,929328	11,803720180	178	3,521555398	0,4399679120	1,790612891	2,6357821760	86,47944018	0,1219049260	0,000000000	-30,326729
1298,413265	1332,198926	7,076845309	496	4,265744332	0,1870034400	1,758222437	0,5659278470	46,77421127	0,1369655280	1,684852375	-33,785661
2069,833809	2324,309780	14,495654640	269	3,105147709	0,9564463130	4,754040935	4,3787219140	90,35179903	0,1179836190	4,100098968	-254,475971
1527,050483	1534,552787	12,781459990	199	3,665186977	0,5564450700	2,602213412	2,7705919270	120,03857400	0,1067213640	5,737234653	-7,502304
1260,809477	1378,389168	10,377341610	81	3,107951191	0,6884650480	2,325955878	1,0287881770	73,10658246	0,1904242190	6,577092925	-117,579691
1305,789050	1321,361517	14,504440810	17	3,996188856	0,2872608370	2,982634439	1,6459723390	66,11506341	0,1997039460	0,110631707	-15,572467
1196,245388	1220,198534	12,206396090	217	3,190344512	0,6270995080	3,517929167	1,5053464340	81,73867513	0,2349158560	1,323396253	-23,953146
1937,816677	2119,913111	13,360287470	643	3,722369250	0,8048365940	2,840599745	2,9873640650	120,06741690	0,1311599590	4,187120993	-182,096434
1418,817722	1373,991368	9,778475282	267	4,042445826	0,1618035850	1,810828756	0,6639705440	69,91006217	0,2135329270	0,113071009	44,826354
1201,724672	1262,732908	9,575599953	174	3,725276169	0,3725683360	2,232993130	1,4317426540	83,86859492	0,1891213830	1,666898180	-61,008236
1395,134214	1433,883349	10,894264050	41	4,451591667	0,5026864020	1,698910574	0,8282189050	66,70347640	0,2456624690	1,037344398	-38,749135
1421,984125	1408,625975	10,606911210	124	2,659264922	0,4661426920	2,388943967	1,0630800650	57,21520802	0,1936716870	2,343653633	13,358150
2033,402205	2194,778527	9,285127981	185	2,586898406	0,8283569160	1,957934530	3,3510802530	98,55941202	0,1281091620	3,291794028	-161,376322
1249,645011	1280,900557	12,936085520	587	3,119154703	0,3035855740	2,094912636	1,2962271930	93,70806083	0,1351873310	1,259079903	-31,255546
2179,716865	2311,728187	11,498049100	61	3,172125104	0,9963746970	3,225905558	2,6344895390	109,01256570	0,2383790590	0,000000000	-132,011322
1580,868028	1515,930889	12,749390100	55	5,221184373	0,5655014540	2,506433178	0,9190254990	93,28944290	0,2651137920	0,000000000	64,937139
1337,840529	1334,338322	14,928343950	113	2,644379705	0,7072416040	1,990445860	1,0314128550	102,16415750	0,2520628260	0,000000000	3,502207
2243,201113	2752,852343	11,835205900	2370	2,967241069	0,4777843430	1,841387281	4,8533284700	155,38170600	0,0770741955	1,551769170	-509,651230
1671,886147	1720,017608	11,755838660	619	2,014770693	0,3664199650	1,256189350	1,0468244580	115,78925330	0,1046405730	1,400560224	-48,131461
1477,741295	1586,252073	11,292812630	48	3,730030305	0,5112070440	1,715363943	0,9148607700	71,04465664	0,2629081140	0,000000000	-108,510778
1329,694090	1303,347470	13,072967130	80	3,246851010	0,5295222480	2,235969293	0,8645747930	88,18662890	0,2074979500	1,293103448	26,346620
1430,856065	1394,483889	10,276161030	885	3,138408663	0,6528960350	2,417920243	1,3816687100	81,40331485	0,1325365710	0,260620276	36,372176
1423,090142	1456,876650	11,111111110	31	5,185254804	0,5370091900	2,088554720	1,3366750210	61,36173768	0,3038429410	1,099807534	-33,786508
1303,296222	1355,231116	11,024831220	61	4,524802248	0,2300292640	1,303856518	0,9271868570	69,08990815	0,1672413290	0,000000000	-51,934894
1368,169307	1435,275574	11,194322460	504	2,406808736	0,2125941030	2,254548306	0,7351787950	81,35978670	0,1221377040	0,481540931	-67,106267
1231,484340	1222,101899	13,406760350	29	4,617698443	0,3690973540	2,785162679	1,9622737060	75,64248639	0,1450563360	1,570954791	9,382441
1371,069286	1353,360064	12,903074180	50	4,405001410	0,2772868290	2,585315408	0,7285888880	66,04305725	0,1575632230	0,000000000	17,709222
2171,705852	2143,224796	14,993567120	248	3,650496487	0,9517368790	3,381387524	2,5978952920	120,68254540	0,2231055980	2,587609049	28,481056
1334,614238	1346,924597	11,255633650	108	3,949221213	0,1675151200	2,218434019	0,5020666460	59,39565187	0,2400812650	2,139869662	-12,310359
1398,164827	1433,178106	11,329581170	77	5,109982214	0,5603147920	3,898350510	1,5837048950	60,61935044	0,2065638480	0,235904695	-35,013279
1233,247695	1205,992812	10,917854150	44	3,562384744	0,2435875940	1,466890193	1,6345347860	57,69069573	0,2407795470	1,044386423	27,254883
1365,507185	1379,278602	10,230360160	251	4,125326741	0,3817617590	1,545177116	1,6868183520	62,76638210	0,1130554590	4,100227790	-13,771417
1266,634697	1482,863527	12,411675480	83	3,715881765	0,3917724090	1,294809663	0,9988531690	95,55695313	0,1225999780	0,000000000	-216,228830
1284,158785	1284,065474	10,813594230	1152	2,197476828	0,4474922760	1,184346035	1,3748712670	96,67353244	0,1472605560	1,468634170	0,093311
1352,251197	1364,398825	10,116422470	42	4,030077545	0,2770520240	1,463118952	0,6061492800	72,19446941	0,1861923370	3,592276605	-12,147628
2285,403600	2593,539295	10,210408120	3548	2,427113022	0,9866833660	3,576297735	5,1551785260	145,32106250	0,1106059870	13,272337060	-308,135695
1666,995087	1683,941671	8,045713810	378	4,839470836	0,2769578250	2,602106666	0,5724634660	82,49718972	0,1421166580	2,343635565	-16,946584
1184,334343	1272,834916	15,264364050	145	3,789449992	0,4221094560	2,318982921	0,9003110170	99,82539423	0,1769520380	2,004316990	-88,500573
1325,831484	1340,979902	12,363880910	41	3,888362950	0,4505832750	2,069268772	1,5519515790	71,57083366	0,2048058770	0,000000000	-15,148418
1355,903920	1311,015271	11,378505060	38	3,361561522	0,2373089090	1,821885817	0,8778177120	56,51158554	0,1115987880	0,296823983	44,888649
1264,884997	1310,906057	12,030286030	146	3,753140774	0,4145821650	1,402131239	1,5703869880	80,58048233	0,2261918120	0,000000000	-46,021060
2182,995066	2101,028641	8,869054634	69	1,309330696	0,9972588420	2,049463809	2,8948676300	68,01145650	0,1564150780	4,585953878	81,966425
1311,486332	1310,250817	11,702879350	4	2,987303480	0,5494391450	1,987281399	0,7728316550	72,86698463	0,1590708360	0,000000000	1,235515
1195,782489	1230,406270	8,678578793	84	3,893257067	0,0811375393	2,151713750	0,6006867550	46,77287765	0,1689453910	0,742942051	-34,623781
2294,763625	2266,610867	24,337568330	189	3,765441845	0,8640283590	5,659899611	5,1385930680	113,85334900	0,1924663760	3,559820461	28,152758
1185,808700	1183,774489	14,745893120	207	4,193751041	0,3765794920	2,062362674	1,9195837200	75,96633590	0,2010169030	3,788177729	2,034211
1250,090579	1341,116443	12,563561420	96	4,580799139	0,5343408730	1,699692639	0,9773232670	83,25661110	0,2520644180	4,383007417	-91,025864
1120,086406	1121,200312	15,020796900	54	3,610355825	0,5959523210	3,233439645	1,4844427460	82,62908038	0,1691088930	2,433512950	-1,113906
1207,327313	1236,854064	13,228241950	431	3,584108581	0,6929833350	3,693640678	2,3977362360	93,33016139	0,2031502370	1,294298921	-29,526751
1901,872329	1876,753809	12,728652990	157	4,140618338	0,7171618430	2,599806574	1,4870893610	77,73421657	0,1993531680	0,000000000	25,118520
2141,153547	2130,948223	14,260837220	499	3,628212281	0,9805910600	3,127747346	2,8825995810	127,95022660	0,1398356660	0,000000000	10,205324
1355,373872	1303,065911	9,134396355	192	4,039829157	0,3654441910	1,480637813	1,0022779040	81,12756264	0,2130751710	0,000000000	52,307961
1343,513891	1316,955861	11,856852310	93	5,479228872	0,5709247480	1,947293262	1,4929248340	83,79852006	0,2907957940	1,339285714	26,558030
1330,978966	1359,461579	11,815158410	103	4,161809324	0,5299317350	1,750393839	0,8606103040	59,10496528	0,2317521440	0,629405841	-28,482613
1202,738235	1218,649133	10,053583740	33	3,879542681	0,1986312270	1,591596371	0,8488513980	51,14329673	0,2129555940	0,000000000	-15,910898
1333,812575	1400,001285	12,440559100	63	5,309440895	0,4116071860	2,041404486	1,1047600750	78,82222969	0,2601709980	0,000000000	-66,188710
1453,193386	1466,239393	13,786139880	199	3,609569321	0,4606610150	2,699244212	0,9597312750	90,55464470	0,2470908150	0,000000000	-13,046007
1389,839879	1365,256119	12,718486970	51	4,692533804	0,5142742430	2,150815159	0,9176811340	71,60780603	0,2619692860	7,662835249	24,583760
1568,593338	1789,631076	11,156106710	149	3,239415092	0,8253943240	1,733293415	1,6860217760	76,75338386	0,1552400610	0,406008932	-221,037738
1254,024769	1268,774885	11,347275430	36	4,102369506	0,2372922720	1,464164572	1,0493179430	61,59252300	0,2431977350	0,000000000	-14,750116
1423,420496	1492,435346	12,952121260	140	4,046395060	0,6287860560	2,138637153	1,9648728850	100,12831820	0,1335578900	0,400320256	-69,014850
1362,282864	1363,654803	13,952426060	-1	3,186359270	0,3826269790	1,813748211	1,3905402950	79,61011131	0,1201238720	0,000000000	-1,371939
